$ 1 0.000005 10.20027730826997 50 5 50
L 688 752 688 800 0 0 false 5 0
L 624 752 624 800 0 0 false 5 0
L 560 752 560 800 0 0 false 5 0
L 496 752 496 800 0 0 false 5 0
207 704 160 704 128 4 "7in"
207 640 160 640 128 4 "Lin"
207 576 160 576 128 4 "Sin
207 512 160 512 128 4 "1in"
207 464 160 464 128 4 "3in"
207 400 160 400 128 4 "Parin"
M 48 -224 48 -192 0 2.5
M 128 -144 80 -144 0 2.5
M -48 -144 16 -144 0 2.5
M 48 -96 48 -112 0 2.5
M -48 -64 16 -64 0 2.5
M 128 -64 80 -64 0 2.5
M 48 32 48 -32 0 2.5
w 48 -96 128 -96 0
w 400 160 368 160 0
w 368 160 368 64 0
w -48 -64 -48 80 0
w 304 64 368 64 0
w 368 64 368 -128 0
w 464 160 432 160 0
w 432 160 432 48 0
w 336 48 432 48 0
w 432 48 432 -80 0
w 512 160 496 160 0
w 496 160 496 -48 0
w 432 -80 432 -224 0
w 432 -224 416 -224 0
w 496 -48 336 -48 0
w 496 -48 496 -160 0
152 368 -144 336 -144 0 2 0 5
w 368 -160 496 -160 0
w 576 160 544 160 0
w 544 160 544 -16 0
152 336 -96 304 -96 0 2 0 5
w 336 -80 432 -80 0
w 336 -112 544 -112 0
w 544 -112 544 -256 0
152 336 -32 304 -32 0 2 0 5
w 336 -16 544 -16 0
w 544 -16 544 -112 0
w 544 -256 416 -256 0
w -48 -272 -48 -144 0
152 304 80 272 80 0 2 0 5
w 304 96 608 96 0
w 640 160 608 160 0
w 608 160 608 96 0
152 336 32 304 32 0 2 0 5
w 336 16 608 16 0
w 608 96 608 16 0
152 416 -272 384 -272 0 2 0 5
w 416 -288 608 -288 0
w 608 -288 608 16 0
w 704 160 672 160 0
w 672 160 672 80 0
152 416 -208 384 -208 0 2 0 5
w 416 -192 672 -192 0
152 336 -160 304 -160 0 2 0 5
w 224 -160 128 -144 0
152 304 -16 272 -16 0 2 0 5
w 128 -16 128 -64 0
w 304 0 672 0 0
w 672 80 672 0 0
w 672 0 672 -176 0
w 672 -176 672 -192 0
w 560 752 560 688 0
w 560 656 576 656 0
w 624 752 624 704 0
w 624 656 608 656 0
153 592 656 592 608 0 2 5 5
150 528 528 528 496 0 2 5 5
w 496 672 496 720 0
w 592 592 544 592 0
w 528 672 496 672 0
I 528 656 528 608 0 0.5 5
w 528 496 640 496 0
150 656 480 656 448 0 2 0 5
w 672 528 688 528 0
w 416 672 496 672 0
w 384 672 384 688 0
w 384 688 560 688 0
w 560 688 560 656 0
153 400 672 400 624 0 2 5 5
150 464 528 464 496 0 2 5 5
w 448 592 448 624 0
I 448 672 448 624 0 0.5 5
w 448 736 688 736 0
w 688 656 688 560 0
w 464 496 480 464 0
w 624 656 624 480 0
150 496 464 496 432 0 2 0 5
150 400 528 400 496 0 2 0 5
w 368 528 368 672 0
w 368 736 448 736 0
150 432 480 432 448 0 2 0 5
w 512 480 448 480 0
w 416 480 400 496 0
207 656 448 656 464 4 "0"
207 496 432 496 448 4 "1"
207 432 448 432 464 4 "2"
w 672 480 672 528 0
w 544 592 544 528 0
153 736 560 736 512 0 2 5 5
w 624 704 704 704 0
w 752 704 752 560 0
w 720 560 688 560 0
150 576 560 576 528 0 2 0 5
w 560 656 560 560 0
w 592 560 592 576 0
w 592 576 528 576 0
w 576 512 704 512 0
207 720 448 720 464 4 "3"
w 704 512 704 480 0
150 720 480 720 448 0 2 0 5
w 736 512 736 480 0
150 272 656 272 624 0 2 0 5
w 304 672 368 672 0
w 256 688 256 656 0
w 432 624 400 624 0
w 512 544 320 544 0
w 512 544 512 528 0
150 336 528 336 496 0 2 5 5
150 288 480 288 448 0 2 0 5
w 272 480 272 624 0
w 624 704 624 656 0
w 624 704 352 704 0
w 352 624 352 528 0
I 352 640 352 624 0 0.5 5
207 288 448 288 464 4 "4"
w 448 592 480 528 0
w 528 576 528 544 0
150 496 592 496 560 0 2 5 5
w 528 592 512 592 0
w 480 592 448 592 0
w 496 560 240 560 0
150 224 480 224 448 0 2 0 5
150 224 688 224 656 0 2 0 5
w 208 704 352 704 0
207 224 448 224 464 4 "5"
w 304 480 336 496 0
w 320 544 320 528 0
w 528 544 512 544 0
w 528 672 528 656 0
w 224 496 224 656 0
150 320 608 320 576 0 2 0 5
w 336 608 528 608 0
w 304 608 304 672 0
150 160 480 160 448 0 2 0 5
w 320 576 176 576 0
w 144 496 224 496 0
207 160 448 160 464 4 "6"
150 656 560 656 528 0 2 5 5
I 672 656 672 592 0 0.5 5
w 688 656 672 656 0
w 656 496 768 496 0
150 784 480 784 448 0 2 0 5
w 784 496 784 640 0
w 496 720 496 752 0
w 496 720 736 720 0
207 784 448 784 464 4 "7"
w 640 496 640 480 0
w 512 480 512 464 0
w 512 480 624 480 0
w 240 560 240 480 0
w 176 576 176 480 0
w 144 496 144 480 0
w 656 528 656 496 0
w 768 496 768 480 0
w 800 496 800 480 0
w 576 512 576 528 0
w 528 592 528 608 0
w 672 592 672 560 0
w 640 592 640 576 0
w 640 576 640 560 0
w 288 672 288 656 0
w 368 672 368 736 0
150 848 480 848 448 0 2 0 5
w 640 576 832 576 0
w 528 576 528 592 0
w 592 608 592 592 0
w 592 592 640 592 0
w 832 576 832 480 0
w 800 496 784 496 0
150 720 624 720 592 0 2 0 5
w 784 640 736 640 0
w 784 640 784 720 0
w 720 592 864 592 0
w 864 592 864 480 0
w 736 640 736 624 0
w 704 624 704 656 0
w 688 560 688 528 0
w 704 656 688 656 0
w 688 656 688 736 0
w 304 672 288 672 0
207 848 448 848 464 4 "8"
150 720 688 720 656 0 2 0 5
w 704 704 752 704 0
w 752 704 752 736 0
w 736 720 784 720 0
w 736 720 736 688 0
150 880 656 880 624 0 2 0 5
w 880 624 880 448 0
207 880 624 880 640 4 "9"
153 816 736 816 672 0 2 5 5
w 832 752 688 752 0
w 448 736 448 672 0
w 352 704 352 640 0
w 688 752 688 736 0
152 800 176 800 144 0 2 0 5
152 752 224 752 192 0 2 0 5
152 688 208 688 176 0 2 0 5
152 672 240 672 208 0 2 0 5
w 688 176 640 160 0
152 608 224 608 192 0 2 0 5
152 544 224 544 192 0 2 0 5
152 480 192 480 160 0 2 0 5
w 384 176 432 160 0
152 352 240 352 208 0 2 0 5
152 416 240 416 208 0 2 0 5
w 800 224 800 288 0
w 656 448 656 352 0
w 800 288 704 288 0
w 704 208 704 288 0
w 704 288 656 288 0
w 496 432 496 192 0
w 432 448 432 240 0
w 720 448 720 304 0
w 720 304 400 304 0
w 400 304 400 240 0
w 288 448 288 384 0
w 288 384 464 384 0
w 464 384 464 192 0
w 464 384 528 384 0
w 528 384 528 224 0
w 224 448 224 400 0
w 368 256 560 256 0
w 560 256 560 224 0
w 368 240 368 256 0
w 608 240 608 288 0
w 608 416 160 416 0
w 160 416 160 448 0
w 608 240 656 240 0
w 848 448 848 272 0
w 688 272 336 272 0
w 688 272 784 272 0
w 784 272 784 176 0
w 688 272 688 240 0
w 880 448 880 256 0
w 832 256 624 256 0
w 624 256 624 224 0
152 816 224 816 192 0 2 0 5
w 832 256 880 256 0
w 832 256 832 224 0
w 736 304 720 304 0
w 768 448 784 448 0
w 816 192 816 176 0
w 736 224 736 304 0
w 768 224 768 448 0
152 752 160 720 160 0 2 0 5
w 720 160 704 160 0
w 800 144 752 144 0
w 384 688 256 688 0
w 208 688 208 704 0
w 608 240 592 224 0
152 576 192 576 160 0 2 0 5
w 704 704 704 688 0
w 720 656 864 656 0
w 816 672 896 656 0
w 752 736 800 736 0
w 832 752 832 736 0
w 432 624 432 528 0
w 432 528 448 528 0
w 432 528 416 528 0
w 256 688 240 688 0
w 224 496 208 480 0
w 368 528 384 528 0
152 384 208 384 176 0 2 0 5
w 752 192 752 176 0
w 784 272 848 272 0
w 416 208 400 208 0
w 368 208 352 208 0
w 480 160 496 160 0
w 608 192 592 192 0
w 560 192 544 192 0
w 336 272 336 240 0
w 432 192 400 160 0
w 432 192 432 240 0
w 608 416 608 288 0
w 560 256 560 400 0
w 560 400 224 400 0
w 656 352 656 288 0
w 336 -176 672 -176 0
w 304 -160 224 -160 0
w 128 -16 272 -16 0
w 304 32 48 32 0
w -48 80 272 80 0
w 48 -224 384 -208 0
w 384 -272 -48 -272 0
w 128 -96 304 -96 0
