$ 1 0.000005 10.20027730826997 50 5 50
M 864 -400 864 -384 0 2.5
M 880 -400 880 -384 0 2.5
M 848 -400 848 -384 0 2.5
w 880 -400 864 -400 0
w 864 -400 848 -400 0
M 816 -368 832 -368 0 2.5
M 816 -352 832 -352 0 2.5
M 816 -336 832 -336 0 2.5
M 912 -368 896 -368 0 2.5
M 912 -352 896 -352 0 2.5
M 912 -336 896 -336 0 2.5
M 848 -304 848 -320 0 2.5
M 864 -304 864 -320 0 2.5
M 880 -304 880 -320 0 2.5
M 816 -288 832 -288 0 2.5
M 816 -272 832 -272 0 2.5
M 816 -256 832 -256 0 2.5
M 848 -224 848 -240 0 2.5
M 864 -224 864 -240 0 2.5
M 880 -224 880 -240 0 2.5
M 912 -256 896 -256 0 2.5
M 912 -272 896 -272 0 2.5
M 912 -288 896 -288 0 2.5
w 912 -256 912 -272 0
w 912 -272 912 -288 0
w 912 -352 912 -368 0
w 816 -368 816 -352 0
w 816 -352 816 -336 0
w 816 -288 816 -272 0
w 816 -272 816 -256 0
w 848 -224 864 -224 0
w 864 -224 880 -224 0
w 848 -304 864 -304 0
w 864 -304 880 -304 0
w 880 -304 960 -304 0
w 912 -336 912 -352 0
L 864 336 864 368 0 0 false 5 0
L 896 336 896 368 0 0 false 5 0
L 928 336 928 368 0 0 false 5 0
L 960 336 960 368 0 0 false 5 0
w 800 320 864 320 0
w 864 256 864 320 0
w 832 256 832 288 0
w 832 288 896 288 0
w 896 288 896 336 0
w 896 256 896 272 0
w 896 272 960 272 0
w 960 272 960 256 0
w 960 272 960 336 0
w 928 336 928 304 0
w 896 288 992 288 0
w 992 288 992 256 0
w 928 304 1024 304 0
w 1024 304 1024 256 0
w 928 304 928 256 0
w 1008 208 1008 160 0
w 944 208 944 144 0
w 880 208 880 176 0
w 816 208 816 192 0
150 832 144 832 112 0 2 5 5
w 928 144 848 144 0
w 816 144 816 192 0
153 816 256 816 208 0 2 5 5
153 944 256 944 208 0 2 5 5
153 880 256 880 208 0 2 5 5
153 1008 256 1008 208 0 2 5 5
w 1056 160 1056 112 0
w 1040 128 1040 272 0
w 1072 192 1072 112 0
w 960 272 1040 272 0
w 880 176 656 176 0
207 832 112 848 80 4 0
w 1040 128 1040 112 0
w 976 128 896 128 0
w 992 288 1152 288 0
w 1024 256 1136 256 0
w 864 336 864 320 0
w 864 320 976 320 0
w 1136 256 1136 128 0
150 1184 112 1184 80 0 3 0 5
w 1184 128 1184 112 0
w 896 176 1104 176 0
w 1168 176 1168 112 0
w 1200 192 1200 112 0
207 1184 80 1200 48 4 2
w 1136 128 1184 128 0
w 1120 128 1120 112 0
w 1104 192 1104 112 0
150 1248 112 1248 80 0 3 0 5
w 944 144 1232 144 0
w 1232 144 1232 112 0
w 1168 176 1248 176 0
w 1248 176 1248 112 0
w 1152 288 1264 112 0
207 1248 80 1264 48 4 4
150 768 144 768 112 0 2 0 5
w 800 320 736 320 0
w 832 288 672 288 0
w 800 320 800 256 0
w 928 304 768 304 0
w 896 272 704 272 0
207 768 112 784 80 4 5
153 752 256 752 208 0 2 5 5
w 736 320 736 256 0
w 768 304 768 256 0
150 688 256 688 224 0 2 0 5
w 704 272 704 256 0
w 672 288 672 256 0
w 752 208 784 144 0
w 720 160 688 224 0
150 624 256 624 224 0 2 0 5
w 768 304 608 304 0
w 608 304 608 256 0
w 672 288 640 288 0
w 640 288 640 256 0
150 640 144 640 112 0 2 0 5
w 624 224 624 160 0
w 656 176 656 144 0
207 640 112 656 80 4 6
150 704 144 704 112 0 2 0 5
w 624 160 688 160 0
w 688 160 688 144 0
w 624 160 624 144 0
w 720 160 720 144 0
207 704 112 720 80 4 7
150 912 112 912 80 0 3 0 5
207 912 80 928 48 4 8
w 928 144 928 112 0
w 912 160 912 112 0
w 896 128 896 112 0
150 976 112 976 80 0 3 0 5
207 976 80 992 48 4 9
w 960 160 960 112 0
w 992 128 992 112 0
w 976 128 976 112 0
w 896 176 880 176 0
w 1072 192 816 192 0
w 912 160 960 160 0
w 1168 176 1104 176 0
207 1120 80 1136 48 4 3
150 1120 112 1120 80 0 3 0 5
w 1136 128 1136 112 0
w 1104 192 1200 192 0
207 1056 80 1072 48 4 1
150 1056 112 1056 80 0 3 0 5
w 1040 128 1120 128 0
w 928 144 944 144 0
w 960 160 1008 160 0
w 1040 128 992 128 0
w 1072 192 1104 192 0
w 1056 160 1008 160 0
w 720 160 752 144 0
w 976 128 976 320 0
152 560 -128 560 -160 0 4 5 5
w 608 112 608 -80 0
w 912 80 912 -112 0
w 1184 80 1184 -16 0
w 592 -96 720 -96 0
w 576 -112 704 -112 0
w 608 112 640 112 0
w 832 -96 832 112 0
w 592 -96 592 -128 0
w 576 -112 576 -128 0
w 608 -80 688 -80 0
w 528 -80 528 -128 0
w 768 112 768 -48 0
w 976 80 976 -64 0
w 1120 80 1120 -32 0
w 992 -16 640 -16 0
w 704 112 704 16 0
w 1232 0 1248 80 0
w 1056 80 1056 32 0
w 544 -16 544 -128 0
152 672 -128 672 -160 0 7 5 5
w 720 -96 720 -128 0
w 720 -96 752 -96 0
w 704 -112 832 -112 0
w 704 -112 704 -128 0
w 688 -80 688 -128 0
w 768 -48 672 -48 0
w 672 -48 672 -128 0
w 816 -32 656 -32 0
w 656 -32 656 -128 0
w 640 -16 640 -128 0
w 640 -16 544 -16 0
w 784 -64 624 -64 0
w 624 -64 624 -128 0
152 816 -128 816 -160 0 9 5 5
w 832 -112 832 -128 0
w 752 -96 752 -128 0
w 688 -80 768 -80 0
w 768 -80 768 -128 0
w 784 -64 976 -64 0
w 784 -64 784 -128 0
w 768 -48 800 -48 0
w 800 -48 800 -128 0
w 816 -32 960 -32 0
w 816 -32 816 -128 0
w 1008 0 848 0 0
w 848 0 848 -128 0
w 704 16 864 16 0
w 864 16 864 -128 0
w 1056 32 880 32 0
w 880 32 880 -128 0
152 960 -128 960 -160 0 7 0 5
w 608 -80 528 -80 0
w 752 -96 832 -96 0
w 832 -112 912 -112 0
w 912 -112 912 -128 0
w 768 -80 928 -80 0
w 928 -80 928 -128 0
w 800 -48 944 -48 0
w 944 -48 944 -128 0
w 960 -32 960 -128 0
w 960 -32 1120 -32 0
w 992 -16 1088 -16 0
w 992 -16 992 -128 0
w 1008 0 1168 0 0
w 1008 0 1008 -128 0
w 976 -64 976 -128 0
152 1104 -128 1104 -160 0 8 5 5
w 912 -112 1040 -112 0
w 1040 -112 1040 -128 0
w 832 -96 1056 -96 0
w 1056 -96 1056 -128 0
w 976 -64 1072 -64 0
w 1072 -64 1072 -128 0
w 1120 -32 1120 -128 0
w 1088 -16 1184 -16 0
w 1088 -16 1088 -128 0
w 1168 0 1168 -128 0
w 1168 0 1232 0 0
w 864 16 1136 16 0
w 1136 16 1136 -128 0
w 1056 32 1152 32 0
w 1152 32 1152 -128 0
152 1248 -128 1248 -160 0 9 5 5
w 1184 -16 1184 -128 0
w 1040 -112 1200 -112 0
w 1200 -112 1200 -128 0
w 1056 -96 1216 -96 0
w 1216 -96 1216 -128 0
w 928 -80 1232 -80 0
w 1232 -80 1232 -128 0
w 1072 -64 1264 -64 0
w 1264 -64 1264 -128 0
w 944 -48 1280 -48 0
w 1280 -48 1280 -128 0
w 1120 -32 1296 -32 0
w 1296 -32 1296 -128 0
w 1184 -16 1312 -16 0
w 1312 -16 1312 -128 0
w 1136 16 1248 16 0
w 1248 16 1248 -128 0
152 448 -128 448 -160 0 6 5 5
w 576 -112 496 -112 0
w 496 -112 496 -128 0
w 592 -96 480 -96 0
w 480 -96 480 -128 0
w 528 -80 464 -80 0
w 464 -80 464 -128 0
w 624 -64 432 -64 0
w 432 -64 432 -128 0
w 672 -48 416 -48 0
w 416 -48 416 -128 0
w 848 0 400 0 0
w 400 0 400 -128 0
w 816 -352 448 -352 0
w 448 -352 448 -160 0
w 816 -272 560 -272 0
w 560 -272 560 -160 0
w 848 -224 672 -224 0
w 672 -224 672 -160 0
w 816 -160 912 -160 0
w 912 -160 912 -256 0
w 960 -160 960 -304 0
w 912 -352 1104 -352 0
w 1104 -352 1104 -160 0
w 880 -400 1248 -400 0
w 1248 -400 1248 -160 0
