$ 1 0.000005 10.20027730826997 53 5 50
L 464 832 464 864 0 0 false 5 0
L 528 832 528 864 0 0 false 5 0
I 560 800 560 768 0 0.5 5
w 560 800 544 800 0
L 592 832 592 864 0 0 false 5 0
I 608 800 608 768 0 0.5 5
w 608 800 592 800 0
L 656 832 656 864 0 0 false 5 0
I 656 800 656 768 0 0.5 5
w 656 800 640 800 0
I 512 800 512 768 0 0.5 5
w 640 800 640 736 0
w 592 800 592 672 0
w 512 768 512 752 0
w 512 752 432 752 0
w 512 752 608 752 0
152 560 640 560 608 0 2 0 5
w 512 752 512 608 0
w 560 608 544 608 0
w 608 752 672 752 0
w 560 768 560 656 0
w 656 608 640 608 0
w 576 672 576 640 0
w 592 672 640 672 0
150 528 608 528 576 0 3 0 5
w 560 656 528 656 0
w 528 656 528 608 0
150 480 640 480 608 0 3 0 5
w 576 672 480 672 0
w 640 736 544 736 0
w 544 768 496 768 0
w 480 672 480 640 0
w 464 736 464 640 0
w 496 576 480 608 0
w 480 608 480 544 0
154 416 576 416 544 0 2 5 5
w 416 544 448 544 0
w 432 752 432 576 0
152 400 624 400 592 0 2 0 5
w 400 592 400 576 0
w 480 672 416 672 0
w 416 672 416 624 0
w 384 688 384 624 0
w 656 768 656 720 0
w 656 720 704 720 0
w 704 720 704 640 0
w 640 672 720 672 0
w 720 672 720 640 0
w 560 656 736 656 0
w 736 656 736 640 0
154 656 640 656 608 0 2 0 5
w 656 720 640 720 0
w 640 720 640 640 0
150 272 640 272 608 0 3 5 5
150 336 640 336 608 0 2 0 5
w 288 608 272 608 0
w 320 608 336 608 0
w 624 720 352 720 0
w 352 720 352 640 0
w 352 720 288 720 0
w 288 720 288 640 0
w 416 672 320 672 0
w 320 672 320 640 0
w 608 768 608 704 0
w 608 704 272 704 0
w 272 704 272 640 0
w 528 656 256 656 0
w 256 656 256 640 0
w 672 752 752 752 0
w 752 608 752 752 0
w 672 704 768 704 0
w 768 608 768 704 0
154 800 640 800 608 0 2 0 5
w 800 608 784 608 0
w 640 736 784 736 0
w 784 640 784 736 0
w 544 768 544 800 0
w 544 768 624 768 0
w 816 640 816 768 0
154 864 608 864 576 0 4 0 5
I 864 576 864 544 0 0.5 5
w 784 736 832 736 0
w 832 608 832 736 0
w 720 672 848 672 0
w 848 608 848 672 0
w 816 768 864 768 0
w 864 608 864 768 0
150 896 656 896 624 0 3 0 5
w 864 608 880 608 0
w 896 624 896 608 0
w 736 656 880 656 0
w 848 672 896 672 0
w 896 672 896 656 0
w 704 720 912 720 0
w 912 656 912 720 0
153 464 544 464 496 0 2 0 5
153 512 576 512 528 0 2 5 5
151 624 608 624 560 0 2 5 5
151 720 640 720 592 0 3 5 5
151 768 608 768 560 0 3 5 5
157 672 256 704 256 0 7 0 0
w 656 288 672 288 0
152 304 608 304 576 0 2 5 5
w 496 768 496 640 0
w 544 640 544 736 0
w 544 736 464 736 0
w 624 720 640 720 0
w 384 688 384 768 0
w 496 768 384 768 0
w 576 672 592 672 0
w 672 704 672 640 0
w 672 704 608 704 0
w 608 608 624 608 0
w 624 608 624 768 0
w 624 768 816 768 0
207 304 576 304 544 4 e
207 800 384 800 416 4 g
207 768 560 768 528 4 a
207 672 256 624 256 4 a
207 624 560 624 528 4 b
207 656 288 624 288 4 b
207 720 592 720 544 4 c
207 672 320 624 320 4 c
207 864 544 864 512 4 d
207 672 352 624 352 4 d
207 736 384 736 416 4 e
207 512 528 512 496 4 f
207 768 384 768 416 4 f
207 464 496 464 464 4 g
164 368 272 480 272 0 4 0 0 0 0 false 0
w 640 816 640 800 0
w 592 800 592 816 0
w 544 816 544 800 0
w 512 816 512 800 0
R 368 272 368 320 1 2 250 2.5 2.5 0 0.5
w 464 272 464 240 0
w 464 240 336 240 0
w 464 336 464 400 0
w 464 400 352 400 0
150 336 368 368 368 0 2 0 5
w 336 400 336 384 0
w 336 352 336 240 0
w 352 400 336 400 0
207 464 368 496 368 4 Q0
207 464 336 496 336 4 Q1
207 688 832 688 864 4 Q0
207 624 832 624 864 4 Q1
207 560 832 560 864 4 Q2
207 496 832 496 864 4 Q3
207 464 304 496 304 4 Q2
207 464 272 496 272 4 Q3
b 204 450 951 902 0
b 597 206 862 434 0
b 240 176 524 429 0
x 243 213 519 216 4 24 4bit\sripple\scount,\sreset\q10
x 645 230 821 233 4 24 Built\sin\s7\sseg\sled
x 708 484 900 487 4 24 OC\s4bit\sto\sled\sseg
152 608 832 608 816 0 2 0 5
152 672 832 672 816 0 2 0 5
152 544 832 544 816 0 2 0 5
152 480 832 480 816 0 2 0 5
w 512 816 480 816 0
w 592 816 608 816 0
w 640 816 672 816 0
