$ 1 0.000005 0.44816890703380646 34 5 50
M 544 592 544 672 2 2.5
M 592 608 592 672 2 2.5
M 640 624 640 672 2 2.5
M 688 640 688 672 2 2.5
L 480 720 512 720 0 0 false 5 0
R 640 576 688 576 1 2 100 2.5 2.5 0 0.5
w 688 640 768 640 0
w 640 624 784 624 0
w 592 608 800 608 0
w 544 592 816 592 0
w 480 720 480 576 0
151 576 528 576 480 0 2 5 5
151 672 528 672 480 0 2 5 5
I 624 528 624 496 0 0.5 5
w 624 528 656 528 0
w 624 528 592 528 0
151 576 464 528 464 0 2 0 5
151 672 464 720 464 0 2 5 5
w 720 464 720 432 0
w 720 432 576 448 0
w 528 464 528 432 0
w 528 432 672 448 0
151 576 416 576 368 0 2 5 5
151 672 416 672 368 0 2 0 5
w 624 496 624 416 0
w 624 416 592 416 0
w 624 416 656 416 0
w 720 432 688 416 0
w 528 432 560 416 0
151 576 352 528 352 0 2 0 5
151 672 352 720 352 0 2 5 5
w 528 352 528 320 0
w 528 320 672 336 0
w 720 352 720 320 0
w 720 320 576 336 0
w 720 320 720 288 0
w 736 528 688 528 0
w 528 320 528 304 0
w 512 528 560 528 0
w 528 304 736 304 0
w 736 304 736 528 0
w 512 288 512 528 0
w 624 288 624 272 0
w 624 32 624 16 0
w 624 32 512 32 0
w 512 32 512 272 0
w 736 48 528 48 0
w 736 48 736 272 0
w 624 32 720 32 0
w 512 272 560 272 0
w 528 64 528 48 0
w 736 272 688 272 0
w 720 64 720 32 0
w 720 64 576 80 0
w 720 96 720 64 0
w 528 64 672 80 0
w 528 96 528 64 0
151 672 96 720 96 0 2 0 5
151 576 96 528 96 0 2 5 5
w 528 176 560 160 0
w 720 176 688 160 0
w 624 160 656 160 0
w 624 160 592 160 0
w 624 240 624 160 0
151 672 160 672 112 0 2 5 5
151 576 160 576 112 0 2 5 5
w 528 176 672 192 0
w 528 208 528 176 0
w 720 176 576 192 0
w 720 208 720 176 0
151 672 208 720 208 0 2 5 5
151 576 208 528 208 0 2 0 5
w 624 272 592 272 0
w 624 272 656 272 0
I 624 272 624 240 0 0.5 5
151 672 272 672 224 0 2 0 5
151 576 272 576 224 0 2 5 5
151 576 16 576 -32 0 2 5 5
151 672 16 672 -32 0 2 5 5
I 624 16 624 -16 0 0.5 5
w 624 16 656 16 0
w 624 16 592 16 0
151 576 -48 528 -48 0 2 5 5
151 672 -48 720 -48 0 2 0 5
w 720 -48 720 -80 0
w 720 -80 576 -64 0
w 528 -48 528 -80 0
w 528 -80 672 -64 0
151 576 -96 576 -144 0 2 0 5
151 672 -96 672 -144 0 2 5 5
w 624 -16 624 -96 0
w 624 -96 592 -96 0
w 624 -96 656 -96 0
w 720 -80 688 -96 0
w 528 -80 560 -96 0
151 576 -160 528 -160 0 2 5 5
151 672 -160 720 -160 0 2 0 5
w 528 -160 528 -192 0
w 528 -192 672 -176 0
w 720 -160 720 -192 0
w 720 -192 576 -176 0
w 720 -192 720 -224 0
w 736 16 688 16 0
w 528 -192 528 -208 0
w 512 16 560 16 0
w 736 -208 736 16 0
w 736 -208 528 -208 0
w 512 -224 512 16 0
w 368 16 368 0 0
151 320 0 320 -48 0 2 5 5
151 416 0 416 -48 0 2 5 5
I 368 0 368 -32 0 0.5 5
w 368 0 400 0 0
w 368 0 336 0 0
151 320 -64 272 -64 0 2 5 5
151 416 -64 464 -64 0 2 0 5
w 464 -64 464 -96 0
w 464 -96 320 -80 0
w 272 -64 272 -96 0
w 272 -96 416 -80 0
151 320 -112 320 -160 0 2 0 5
151 416 -112 416 -160 0 2 5 5
w 368 -32 368 -112 0
w 368 -112 336 -112 0
w 368 -112 400 -112 0
w 464 -96 432 -112 0
w 272 -96 304 -112 0
151 320 -176 272 -176 0 2 5 5
151 416 -176 464 -176 0 2 0 5
w 272 -176 272 -208 0
w 272 -208 416 -192 0
w 464 -176 464 -208 0
w 464 -208 320 -192 0
w 464 -208 464 -240 0
w 480 0 432 0 0
w 272 -208 272 -224 0
w 256 0 304 0 0
w 480 -224 480 0 0
w 480 -224 272 -224 0
w 256 -240 256 0 0
w 720 288 624 288 0
w 624 288 512 288 0
w 720 -224 624 -224 0
w 624 -224 512 -224 0
w 464 -240 256 -240 0
w 944 208 832 192 0
w 832 224 832 192 0
w 992 192 880 208 0
w 992 224 992 192 0
150 944 272 944 240 0 2 0 5
150 880 272 880 240 0 2 0 5
153 880 224 832 224 0 2 5 5
153 944 224 992 224 0 2 0 5
w 928 272 896 272 0
w 864 272 864 288 0
w 864 288 960 288 0
I 960 288 960 272 0 0.5 5
w 864 288 720 288 0
w 896 272 896 304 0
w 752 304 752 560 0
w 896 304 752 304 0
w 752 304 752 176 0
w 896 144 896 176 0
I 960 160 960 144 0 0.5 5
w 864 160 960 160 0
w 864 144 864 160 0
w 928 144 896 144 0
153 944 96 992 96 0 2 0 5
153 880 96 832 96 0 2 5 5
150 880 144 880 112 0 2 0 5
150 944 144 944 112 0 2 0 5
w 992 96 992 64 0
w 992 64 880 80 0
w 944 80 832 64 0
w 832 64 832 96 0
w 896 16 896 48 0
I 960 32 960 16 0 0.5 5
w 864 32 960 32 0
w 864 16 864 32 0
w 928 16 896 16 0
153 944 -32 992 -32 0 2 0 5
153 880 -32 832 -32 0 2 5 5
150 880 16 880 -16 0 2 0 5
150 944 16 944 -16 0 2 0 5
w 992 -32 992 -64 0
w 992 -64 880 -48 0
w 944 -48 832 -64 0
w 832 -64 832 -32 0
w 832 -192 832 -160 0
w 944 -176 832 -192 0
w 992 -192 880 -176 0
w 992 -160 992 -192 0
150 944 -112 944 -144 0 2 0 5
150 880 -112 880 -144 0 2 0 5
153 880 -160 832 -160 0 2 5 5
153 944 -160 992 -160 0 2 0 5
w 928 -112 896 -112 0
w 864 -112 864 -96 0
w 864 -96 960 -96 0
I 960 -96 960 -112 0 0.5 5
w 896 -112 896 -80 0
w 896 176 752 176 0
w 896 48 752 48 0
w 752 176 752 48 0
w 896 -80 752 -80 0
w 752 -80 752 48 0
150 624 576 624 560 0 2 0 5
w 480 576 608 576 0
w 752 560 624 560 0
w 624 528 624 560 0
w 864 160 768 160 0
w 720 64 768 64 0
w 768 64 768 160 0
w 864 32 768 32 0
w 720 -192 768 -192 0
w 768 -192 768 32 0
w 864 -96 752 -96 0
w 992 224 992 320 0
w 768 640 768 320 0
w 768 320 992 320 0
w 992 64 1008 64 0
w 1008 64 1008 336 0
w 784 624 784 336 0
w 784 336 1008 336 0
w 992 -64 1024 -64 0
w 1024 -64 1024 352 0
w 1024 352 800 352 0
w 800 352 800 608 0
w 816 592 816 368 0
w 816 368 1040 368 0
w 1040 368 1040 -192 0
w 1040 -192 992 -192 0
w 464 -240 752 -240 0
w 752 -240 752 -96 0
w 368 16 512 16 0
b 208 -256 1100 732 0
x 753 705 1074 708 4 24 4\sbit\sripple\swith\sclocked\soutput
