$ 1 0.000005 1.700203994009402 53 5 50
L 576 624 576 688 0 0 false 5 0
L 624 624 624 688 0 0 false 5 0
L 672 624 672 688 0 0 false 5 0
M 480 624 480 688 2 2.5
M 432 624 432 688 2 2.5
M 384 624 384 688 2 2.5
M 336 624 336 688 2 2.5
L 528 624 528 672 0 0 false 5 0
L 768 592 800 592 0 0 false 5 0
L 768 624 800 624 0 0 false 5 0
L 768 656 800 656 0 0 false 5 0
L 784 560 800 560 0 0 false 5 0
L 848 560 816 560 0 0 false 5 0
L 848 592 816 592 0 0 false 5 0
L 848 656 816 656 0 0 false 5 0
M 976 736 928 736 2 2.5
M 976 768 928 768 2 2.5
M 976 800 928 800 2 2.5
M 976 832 928 832 2 2.5
M 976 864 928 864 2 2.5
w 768 656 736 656 0
w 768 624 752 624 0
w 752 624 752 544 0
w 768 592 768 544 0
w 784 560 784 544 0
w 736 656 736 544 0
w 848 560 848 544 0
w 848 592 864 592 0
w 864 592 864 528 0
w 848 656 896 656 0
w 896 656 896 432 0
w 976 768 992 768 0
w 992 768 992 736 0
w 976 800 1008 800 0
w 1008 800 1008 736 0
w 976 832 1024 832 0
w 1024 832 1024 736 0
w 976 864 1040 864 0
w 1040 864 1040 736 0
w 1152 864 1152 736 0
w 1104 864 1152 864 0
w 1136 832 1136 736 0
w 1104 832 1136 832 0
w 1120 800 1120 736 0
w 1104 800 1120 800 0
w 1104 768 1104 736 0
M 1104 864 1056 864 2 2.5
M 1104 832 1056 832 2 2.5
M 1104 800 1056 800 2 2.5
M 1104 768 1056 768 2 2.5
w 1264 864 1264 736 0
w 1216 864 1264 864 0
w 1248 832 1248 736 0
w 1216 832 1248 832 0
w 1232 800 1232 736 0
w 1216 800 1232 800 0
w 1216 768 1216 736 0
M 1216 864 1168 864 2 2.5
M 1216 832 1168 832 2 2.5
M 1216 800 1168 800 2 2.5
M 1216 768 1168 768 2 2.5
b 310 614 504 737 0
b 513 613 691 736 0
b 697 325 907 720 0
b 912 720 1283 912 0
x 364 726 462 729 4 24 Mem\sOut
x 546 724 662 727 4 24 En/\s4\sInput
x 704 699 901 702 4 18 3mem1null/2add/loop\sen
x 971 899 1188 902 4 24 Output\s\q\s4\sbit\s\p\s4\sbit
w 528 624 528 160 0
w 576 624 576 112 0
w 624 624 624 96 0
w 672 624 672 80 0
L 544 624 544 688 0 0 false 5 0
w 544 624 544 128 0
w 528 160 64 160 0
w 64 160 64 368 0
150 112 384 112 416 0 2 0 5
150 192 384 192 416 0 2 0 5
150 272 384 272 416 0 2 0 5
w 64 368 96 368 0
w 96 368 176 368 0
w 176 368 256 368 0
w 256 368 256 384 0
w 176 368 176 384 0
w 96 368 96 384 0
w 544 128 -160 128 0
w 576 112 -144 112 0
w 624 96 -128 96 0
w 672 80 64 80 0
150 816 512 800 512 0 2 0 5
w 864 528 816 528 0
150 816 400 800 400 0 2 0 5
w 896 416 816 416 0
I 800 464 800 480 0 0.5 5
w 800 480 816 496 0
I 800 352 800 368 0 0.5 5
w 800 368 816 384 0
w 800 464 832 464 0
w 832 464 832 352 0
w 832 352 800 352 0
150 784 448 768 448 0 2 0 5
w 864 528 864 448 0
w 864 448 800 448 0
w 896 432 896 416 0
w 896 432 784 432 0
w 800 448 784 464 0
w 832 352 832 336 0
w 832 336 768 336 0
w 768 336 768 448 0
w 736 544 704 512 0
w 704 512 704 336 0
w 752 544 720 512 0
w 720 512 720 336 0
w 768 544 736 512 0
w 736 512 736 336 0
w 784 544 752 512 0
w 752 512 752 336 0
w 800 512 784 512 0
w 800 400 784 400 0
w 480 624 480 416 0
w 336 624 336 176 0
w 336 176 1312 176 0
w 384 624 384 192 0
w 384 192 1296 192 0
w 432 624 432 208 0
w 432 208 1344 208 0
w 480 416 480 144 0
w 480 144 1360 144 0
w 784 512 880 496 0
w 880 496 880 400 0
w 784 400 880 384 0
w 880 384 880 336 0
w 848 544 848 336 0
w 880 400 864 368 0
w 864 368 864 336 0
w 976 736 976 256 0
w 992 736 992 272 0
w 1008 736 1008 288 0
w 1024 736 1024 304 0
w 1040 736 1040 320 0
w 1104 736 1104 80 0
w 1120 736 1120 96 0
w 1136 736 1136 112 0
w 1152 736 1152 128 0
w 1168 704 1168 384 0
w 1184 688 1184 368 0
w 1200 672 1200 352 0
w 1216 656 1216 336 0
w 64 80 64 -240 0
150 0 -272 0 -320 0 2 0 5
150 80 -272 80 -320 0 2 0 5
153 0 -352 -48 -352 0 2 0 5
153 80 -352 128 -352 0 2 5 5
w 16 -272 16 -256 0
w 16 -256 64 -256 0
w 64 -256 64 -272 0
I 96 -240 96 -272 0 0.5 5
w 64 -240 -16 -240 0
w -16 -240 -16 -272 0
w 0 -320 0 -336 0
w 80 -320 80 -336 0
w 128 -352 128 -384 0
w 128 -384 0 -368 0
w -48 -352 -48 -384 0
w -48 -384 80 -368 0
w -16 -224 -16 432 0
w -16 432 272 432 0
w 272 432 272 416 0
w -48 -560 80 -544 0
w -48 -528 -48 -560 0
w 128 -560 0 -544 0
w 128 -528 128 -560 0
w 80 -496 80 -512 0
w 0 -496 0 -512 0
w -16 -416 -16 -448 0
w 96 -416 -16 -416 0
I 96 -416 96 -448 0 0.5 5
w 64 -432 64 -448 0
w 16 -432 64 -432 0
w 16 -448 16 -432 0
153 80 -528 128 -528 0 2 0 5
153 0 -528 -48 -528 0 2 5 5
150 80 -448 80 -496 0 2 0 5
150 0 -448 0 -496 0 2 0 5
150 0 -624 0 -672 0 2 0 5
150 80 -624 80 -672 0 2 0 5
153 0 -704 -48 -704 0 2 0 5
153 80 -704 128 -704 0 2 5 5
w 16 -624 16 -608 0
w 16 -608 64 -608 0
w 64 -608 64 -624 0
I 96 -592 96 -624 0 0.5 5
w 96 -592 -16 -592 0
w -16 -592 -16 -624 0
w 0 -672 0 -688 0
w 80 -672 80 -688 0
w 128 -704 128 -736 0
w 128 -736 0 -720 0
w -48 -704 -48 -736 0
w -48 -736 80 -720 0
150 0 -784 0 -832 0 2 0 5
150 80 -784 80 -832 0 2 0 5
153 0 -864 -48 -864 0 2 5 5
153 80 -864 128 -864 0 2 0 5
w 16 -784 16 -768 0
w 16 -768 64 -768 0
w 64 -768 64 -784 0
I 96 -752 96 -784 0 0.5 5
w 96 -752 -16 -752 0
w -16 -752 -16 -784 0
w 0 -832 0 -848 0
w 80 -832 80 -848 0
w 128 -864 128 -896 0
w 128 -896 0 -880 0
w -48 -864 -48 -896 0
w -48 -896 80 -880 0
w 96 -240 64 -240 0
w 16 -224 16 -256 0
w 16 -224 -16 -224 0
w 192 416 192 448 0
w 192 448 -80 448 0
w 112 416 112 464 0
w 112 464 -96 464 0
w -96 464 -96 -992 0
w -160 -1520 -16 -1520 0
w -144 -1360 -16 -1360 0
w -128 -1184 -16 -1184 0
w 96 -1008 64 -1008 0
w -48 -1664 80 -1648 0
w -48 -1632 -48 -1664 0
w 128 -1664 0 -1648 0
w 128 -1632 128 -1664 0
w 80 -1600 80 -1616 0
w 0 -1600 0 -1616 0
w -16 -1520 -16 -1552 0
w 96 -1520 -16 -1520 0
I 96 -1520 96 -1552 0 0.5 5
w 64 -1536 64 -1552 0
w 16 -1536 64 -1536 0
w 16 -1552 16 -1536 0
153 80 -1632 128 -1632 0 2 5 5
153 0 -1632 -48 -1632 0 2 0 5
150 80 -1552 80 -1600 0 2 0 5
150 0 -1552 0 -1600 0 2 0 5
w -48 -1504 80 -1488 0
w -48 -1472 -48 -1504 0
w 128 -1504 0 -1488 0
w 128 -1472 128 -1504 0
w 80 -1440 80 -1456 0
w 0 -1440 0 -1456 0
w -16 -1360 -16 -1392 0
w 96 -1360 -16 -1360 0
I 96 -1360 96 -1392 0 0.5 5
w 64 -1376 64 -1392 0
w 16 -1376 64 -1376 0
w 16 -1392 16 -1376 0
153 80 -1472 128 -1472 0 2 0 5
153 0 -1472 -48 -1472 0 2 5 5
150 80 -1392 80 -1440 0 2 0 5
150 0 -1392 0 -1440 0 2 0 5
150 0 -1216 0 -1264 0 2 0 5
150 80 -1216 80 -1264 0 2 0 5
153 0 -1296 -48 -1296 0 2 0 5
153 80 -1296 128 -1296 0 2 5 5
w 16 -1216 16 -1200 0
w 16 -1200 64 -1200 0
w 64 -1200 64 -1216 0
I 96 -1184 96 -1216 0 0.5 5
w 96 -1184 -16 -1184 0
w -16 -1184 -16 -1216 0
w 0 -1264 0 -1280 0
w 80 -1264 80 -1280 0
w 128 -1296 128 -1328 0
w 128 -1328 0 -1312 0
w -48 -1296 -48 -1328 0
w -48 -1328 80 -1312 0
w -48 -1152 80 -1136 0
w -48 -1120 -48 -1152 0
w 128 -1152 0 -1136 0
w 128 -1120 128 -1152 0
w 80 -1088 80 -1104 0
w 0 -1088 0 -1104 0
w -16 -1008 -16 -1040 0
w 64 -1008 -16 -1008 0
I 96 -1008 96 -1040 0 0.5 5
w 64 -1024 64 -1040 0
w 16 -1024 64 -1024 0
w 16 -1040 16 -1024 0
153 80 -1120 128 -1120 0 2 0 5
153 0 -1120 -48 -1120 0 2 5 5
150 80 -1040 80 -1088 0 2 0 5
150 0 -1040 0 -1088 0 2 0 5
w 288 -1520 400 -1520 0
w 304 -1360 400 -1360 0
w 320 -1184 400 -1184 0
w 368 -1664 496 -1648 0
w 368 -1632 368 -1664 0
w 544 -1664 416 -1648 0
w 544 -1632 544 -1664 0
w 496 -1600 496 -1616 0
w 416 -1600 416 -1616 0
w 400 -1520 400 -1552 0
w 512 -1520 400 -1520 0
I 512 -1520 512 -1552 0 0.5 5
w 480 -1536 480 -1552 0
w 432 -1536 480 -1536 0
w 432 -1552 432 -1536 0
153 496 -1632 544 -1632 0 2 0 5
153 416 -1632 368 -1632 0 2 5 5
150 496 -1552 496 -1600 0 2 0 5
150 416 -1552 416 -1600 0 2 0 5
w 368 -1504 496 -1488 0
w 368 -1472 368 -1504 0
w 544 -1504 416 -1488 0
w 544 -1472 544 -1504 0
w 496 -1440 496 -1456 0
w 416 -1440 416 -1456 0
w 400 -1360 400 -1392 0
w 512 -1360 400 -1360 0
I 512 -1360 512 -1392 0 0.5 5
w 480 -1376 480 -1392 0
w 432 -1376 480 -1376 0
w 432 -1392 432 -1376 0
153 496 -1472 544 -1472 0 2 0 5
153 416 -1472 368 -1472 0 2 5 5
150 496 -1392 496 -1440 0 2 0 5
150 416 -1392 416 -1440 0 2 0 5
150 416 -1216 416 -1264 0 2 0 5
150 496 -1216 496 -1264 0 2 0 5
153 416 -1296 368 -1296 0 2 5 5
153 496 -1296 544 -1296 0 2 0 5
w 432 -1216 432 -1200 0
w 432 -1200 480 -1200 0
w 480 -1200 480 -1216 0
I 512 -1184 512 -1216 0 0.5 5
w 512 -1184 400 -1184 0
w 400 -1184 400 -1216 0
w 416 -1264 416 -1280 0
w 496 -1264 496 -1280 0
w 544 -1296 544 -1328 0
w 544 -1328 416 -1312 0
w 368 -1296 368 -1328 0
w 368 -1328 496 -1312 0
w 368 -1152 496 -1136 0
w 368 -1120 368 -1152 0
w 544 -1152 416 -1136 0
w 544 -1120 544 -1152 0
w 496 -1088 496 -1104 0
w 416 -1088 416 -1104 0
w 400 -1008 400 -1040 0
w 512 -1008 400 -1008 0
I 512 -1008 512 -1040 0 0.5 5
w 480 -1024 480 -1040 0
w 432 -1024 480 -1024 0
w 432 -1040 432 -1024 0
153 496 -1120 544 -1120 0 2 5 5
153 416 -1120 368 -1120 0 2 0 5
150 496 -1040 496 -1088 0 2 0 5
150 416 -1040 416 -1088 0 2 0 5
w -16 -224 -64 -224 0
w -64 -224 -64 -432 0
w -64 -432 16 -432 0
w -64 -432 -64 -608 0
w -64 -608 16 -608 0
w -64 -608 -64 -768 0
w -64 -768 16 -768 0
w 64 80 -112 80 0
w -112 80 -112 -976 0
w -128 -416 -128 -960 0
w -144 112 -144 -592 0
w -160 128 -160 -752 0
w -80 448 -80 -1024 0
w -80 -1024 16 -1024 0
w -80 -1024 -80 -1200 0
w -80 -1200 16 -1200 0
w -80 -1200 -80 -1376 0
w -80 -1376 16 -1376 0
w -80 -1376 -80 -1536 0
w -80 -1536 16 -1536 0
w -96 -992 352 -992 0
w 352 -1024 352 -1200 0
w 352 -992 352 -1024 0
w 352 -1024 432 -1024 0
w -16 -1008 -112 -1008 0
w -112 -1008 -112 -976 0
w -128 -1184 -128 -960 0
w -144 -1360 -144 -944 0
w -160 -1520 -160 -928 0
w 352 -1200 432 -1200 0
w 352 -1200 352 -1376 0
w 352 -1376 432 -1376 0
w 352 -1376 352 -1536 0
w 352 -1536 432 -1536 0
w -112 -976 336 -976 0
w 336 -976 336 -1008 0
w 400 -1008 336 -1008 0
w -128 -960 320 -960 0
w 320 -960 320 -1184 0
w -144 -944 304 -944 0
w 304 -944 304 -1360 0
w 288 -1520 288 -928 0
w 288 -928 -160 -928 0
w 704 336 704 -112 0
w 736 336 736 48 0
w 752 336 752 32 0
w 848 336 848 160 0
w 720 336 720 64 0
w 864 336 864 224 0
w 880 336 880 240 0
154 672 -176 672 -208 0 2 0 5
152 608 -176 608 -208 0 2 0 5
w 592 -112 688 -112 0
w 592 -112 592 -176 0
w 688 -112 688 -176 0
w 704 -112 688 -112 0
w 656 -128 720 -128 0
w 656 -128 656 -176 0
w 624 -128 656 -128 0
w 624 -128 624 -176 0
152 832 -176 832 -208 0 2 0 5
154 768 -176 768 -208 0 2 0 5
w 736 -160 752 -160 0
w 752 -160 752 -176 0
w 752 -160 816 -160 0
w 816 -160 816 -176 0
w 752 -144 784 -144 0
w 784 -144 784 -176 0
w 784 -144 848 -144 0
w 848 -144 848 -176 0
152 720 -224 720 -256 0 2 0 5
150 704 -288 672 -288 0 2 0 5
151 720 -368 720 -320 0 2 5 5
w 720 -320 704 -304 0
w 720 -256 704 -272 0
w 608 -208 608 -240 0
w 656 -368 704 -368 0
w 736 -368 784 -368 0
w 784 -368 784 -240 0
w 768 -224 736 -224 0
w 672 -224 704 -224 0
w 672 -224 672 -208 0
w 768 -224 768 -208 0
w 608 -240 656 -240 0
w 656 -240 656 -368 0
w 784 -240 832 -240 0
w 832 -240 832 -208 0
w 736 -160 528 -160 0
w 752 -144 480 -144 0
w 624 -128 432 -128 0
150 544 -192 544 -224 0 2 0 5
150 448 -192 448 -224 0 2 0 5
150 496 -256 496 -288 0 2 0 5
w 672 -288 560 -288 0
w 560 -256 560 -192 0
w 560 -256 560 -288 0
w 560 -256 512 -256 0
w 512 -256 464 -192 0
w 528 -160 528 -192 0
w 480 -144 480 -256 0
w 432 -128 432 -192 0
w 544 -224 544 -320 0
w 160 -320 544 -320 0
w 448 -224 448 -240 0
150 176 -368 208 -368 0 2 0 5
150 176 -880 208 -880 0 2 0 5
150 176 -720 208 -720 0 2 0 5
150 176 -544 208 -544 0 2 0 5
w 176 -384 128 -384 0
w 176 -560 128 -560 0
w 176 -736 128 -736 0
w 176 -896 128 -896 0
w 448 -240 144 -240 0
w 144 -240 144 -352 0
w 144 -352 176 -352 0
w 144 -352 144 -528 0
w 144 -528 176 -528 0
w 144 -528 144 -704 0
w 144 -704 176 -704 0
w 144 -704 144 -864 0
w 144 -864 176 -864 0
w 160 -320 160 -1120 0
150 176 -1136 208 -1136 0 2 0 5
150 176 -1312 208 -1312 0 2 0 5
150 176 -1488 208 -1488 0 2 0 5
150 176 -1648 208 -1648 0 2 0 5
w 160 -1120 176 -1120 0
w 160 -1120 160 -1296 0
w 160 -1296 176 -1296 0
w 160 -1296 160 -1472 0
w 160 -1472 176 -1472 0
w 160 -1472 160 -1632 0
w 160 -1632 176 -1632 0
w 176 -1152 128 -1152 0
w 176 -1328 128 -1328 0
w 176 -1504 128 -1504 0
w 176 -1664 128 -1664 0
152 224 -384 256 -384 0 2 0 5
w 208 -368 224 -368 0
w 224 -400 224 -1136 0
w 224 -1136 208 -1136 0
152 240 -560 272 -560 0 2 0 5
w 240 -544 208 -544 0
w 240 -576 240 -1312 0
w 240 -1312 208 -1312 0
152 256 -736 288 -736 0 2 0 5
152 272 -896 304 -896 0 2 0 5
w 256 -720 208 -720 0
w 272 -880 208 -880 0
w 256 -752 256 -1488 0
w 256 -1488 208 -1488 0
w 272 -912 272 -1648 0
w 272 -1648 208 -1648 0
150 576 -1136 608 -1136 0 2 0 5
150 576 -1312 608 -1312 0 2 0 5
150 576 -1488 608 -1488 0 2 0 5
150 576 -1648 608 -1648 0 2 0 5
w 560 -1120 560 -1296 0
w 560 -1632 576 -1632 0
w 560 -1472 576 -1472 0
w 560 -1296 576 -1296 0
w 560 -1296 560 -1472 0
w 560 -1472 560 -1632 0
w 560 -1120 576 -1120 0
w 576 -1152 544 -1152 0
w 576 -1328 544 -1328 0
w 576 -1504 544 -1504 0
w 576 -1664 544 -1664 0
152 624 -1632 656 -1632 0 2 0 5
w 624 -1648 608 -1648 0
w 624 -1616 624 -896 0
w 624 -896 304 -896 0
152 640 -1472 672 -1472 0 2 0 5
w 640 -1488 608 -1488 0
w 640 -1456 640 -880 0
w 640 -880 304 -880 0
w 304 -880 304 -736 0
w 304 -736 288 -736 0
w 272 -560 320 -560 0
w 320 -560 320 -864 0
w 320 -864 656 -864 0
w 656 -864 656 -1280 0
w 256 -384 336 -384 0
w 336 -384 336 -848 0
w 336 -848 672 -848 0
w 672 -848 672 -1104 0
152 656 -1296 688 -1296 0 2 0 5
152 672 -1120 704 -1120 0 2 0 5
w 656 -1312 608 -1312 0
w 672 -1136 608 -1136 0
w 560 -1120 560 -304 0
w 560 -304 496 -304 0
w 656 -1632 1312 -1632 0
w 672 -1472 1328 -1472 0
w 688 -1296 1344 -1296 0
w 1344 -528 1344 0 0
w 1360 144 1360 -544 0
w 704 -1120 1360 -1120 0
w 128 384 128 352 0
w 208 384 208 336 0
w 288 384 288 320 0
w 1296 192 1328 192 0
b 411 -382 867 -105 0
b 28 356 322 496 0
b -75 -924 312 -156 0
b -169 -1717 705 -1000 0
x 142 472 278 475 4 24 Write\sEnable
w 720 -128 720 64 0
w 720 64 288 64 0
w 288 64 288 320 0
w 736 48 208 48 0
w 208 48 208 336 0
w 736 48 736 -160 0
w 752 32 752 -144 0
w 752 32 128 32 0
w 128 32 128 352 0
w -160 -752 -160 -928 0
w -160 -752 -16 -752 0
w 496 -304 496 -288 0
x 414 -341 548 -338 4 24 Memload\sEn
x 67 -182 283 -179 4 24 Mem1/\sOut\scombine
x 159 -1689 415 -1686 4 24 Mem\s2,\s3\s/\sOut\scombine
w 1728 -480 1712 -480 0
w 1776 -320 1712 -320 0
w 1760 -144 1712 -144 0
w 1744 32 1712 32 0
w 1568 176 1360 176 0
w 1520 -352 1600 -352 0
w 1520 -192 1520 -352 0
w 1520 -192 1600 -192 0
w 1520 -16 1520 -192 0
w 1520 -16 1600 -16 0
w 1520 160 1520 -16 0
w 1520 160 1600 160 0
150 1584 144 1584 96 0 2 0 5
150 1664 144 1664 96 0 2 0 5
153 1584 64 1536 64 0 2 5 5
153 1664 64 1712 64 0 2 0 5
w 1600 144 1600 160 0
w 1600 160 1648 160 0
w 1648 160 1648 144 0
I 1680 176 1680 144 0 0.5 5
w 1648 176 1568 176 0
w 1568 176 1568 144 0
w 1584 96 1584 80 0
w 1664 96 1664 80 0
w 1712 64 1712 32 0
w 1712 32 1584 48 0
w 1536 64 1536 32 0
w 1536 32 1664 48 0
w 1536 -144 1664 -128 0
w 1536 -112 1536 -144 0
w 1712 -144 1584 -128 0
w 1712 -112 1712 -144 0
w 1664 -80 1664 -96 0
w 1584 -80 1584 -96 0
w 1568 0 1568 -32 0
w 1680 0 1568 0 0
I 1680 0 1680 -32 0 0.5 5
w 1648 -16 1648 -32 0
w 1600 -16 1648 -16 0
w 1600 -32 1600 -16 0
153 1664 -112 1712 -112 0 2 0 5
153 1584 -112 1536 -112 0 2 5 5
150 1664 -32 1664 -80 0 2 0 5
150 1584 -32 1584 -80 0 2 0 5
150 1584 -208 1584 -256 0 2 0 5
150 1664 -208 1664 -256 0 2 0 5
153 1584 -288 1536 -288 0 2 5 5
153 1664 -288 1712 -288 0 2 0 5
w 1600 -208 1600 -192 0
w 1600 -192 1648 -192 0
w 1648 -192 1648 -208 0
I 1680 -176 1680 -208 0 0.5 5
w 1680 -176 1568 -176 0
w 1568 -176 1568 -208 0
w 1584 -256 1584 -272 0
w 1664 -256 1664 -272 0
w 1712 -288 1712 -320 0
w 1712 -320 1584 -304 0
w 1536 -288 1536 -320 0
w 1536 -320 1664 -304 0
150 1584 -368 1584 -416 0 2 0 5
150 1664 -368 1664 -416 0 2 0 5
153 1584 -448 1536 -448 0 2 5 5
153 1664 -448 1712 -448 0 2 0 5
w 1600 -368 1600 -352 0
w 1600 -352 1648 -352 0
w 1648 -352 1648 -368 0
I 1680 -336 1680 -368 0 0.5 5
w 1680 -336 1568 -336 0
w 1568 -336 1568 -368 0
w 1584 -416 1584 -432 0
w 1664 -416 1664 -432 0
w 1712 -448 1712 -480 0
w 1712 -480 1584 -464 0
w 1536 -448 1536 -480 0
w 1536 -480 1664 -464 0
w 1680 176 1648 176 0
w 1344 0 1568 0 0
w 1328 -176 1568 -176 0
w 1312 -336 1568 -336 0
w 848 160 1520 160 0
w 1744 32 1744 336 0
w 1216 336 1744 336 0
w 1200 352 1760 352 0
w 1760 352 1760 -144 0
w 1184 368 1776 368 0
w 1776 368 1776 -320 0
w 1168 384 1728 384 0
w 1728 384 1728 -480 0
w 1344 0 1344 208 0
w 1328 -176 1328 192 0
w 1312 -336 1312 176 0
w 864 224 1904 224 0
w 912 240 2064 240 0
w 1360 144 1360 176 0
154 1952 208 1952 176 0 2 0 5
w 1936 224 1936 208 0
w 1904 224 1904 96 0
150 2048 80 2016 80 0 2 0 5
w 2064 96 2048 96 0
150 2048 0 2016 0 0 2 0 5
150 2048 -80 2016 -80 0 2 0 5
150 2048 -160 2016 -160 0 2 0 5
w 2064 96 2064 16 0
w 2064 16 2048 16 0
w 2064 16 2064 -64 0
w 2064 -64 2048 -64 0
w 2064 -64 2064 -144 0
w 2064 -144 2048 -144 0
152 1984 -176 1984 -192 0 2 0 5
152 1984 -112 1984 -128 0 2 0 5
152 1984 -32 1984 -48 0 2 0 5
152 1984 48 1984 32 0 2 0 5
w 2016 80 2000 48 0
w 2016 0 2000 -32 0
w 2016 -80 2000 -112 0
w 2016 -160 2000 -176 0
150 1920 -160 1952 -160 0 2 0 5
150 1920 -80 1952 -80 0 2 0 5
150 1920 0 1952 0 0 2 0 5
150 1920 80 1952 80 0 2 0 5
w 1952 176 1792 176 0
w 1792 176 1792 -592 0
w 2064 240 2064 96 0
w 1904 96 1920 96 0
w 1904 96 1904 16 0
w 1904 16 1920 16 0
w 1904 16 1904 -64 0
w 1904 -64 1920 -64 0
w 1904 -64 1904 -144 0
w 1904 -144 1920 -144 0
w 1968 48 1952 80 0
w 1968 -32 1952 0 0
w 1968 -112 1952 -80 0
w 1968 -176 1952 -160 0
w 1984 32 2080 32 0
w 1984 -48 2096 -48 0
w 1984 -128 2112 -128 0
w 1984 -192 2128 -192 0
w 1536 -1232 1664 -1216 0
w 1536 -1200 1536 -1232 0
w 1712 -1232 1584 -1216 0
w 1712 -1200 1712 -1232 0
w 1664 -1168 1664 -1184 0
w 1584 -1168 1584 -1184 0
w 1568 -1088 1568 -1120 0
w 1680 -1088 1568 -1088 0
I 1680 -1088 1680 -1120 0 0.5 5
w 1648 -1104 1648 -1120 0
w 1600 -1104 1648 -1104 0
w 1600 -1120 1600 -1104 0
153 1664 -1200 1712 -1200 0 2 0 5
153 1584 -1200 1536 -1200 0 2 5 5
150 1664 -1120 1664 -1168 0 2 0 5
150 1584 -1120 1584 -1168 0 2 0 5
w 1536 -1072 1664 -1056 0
w 1536 -1040 1536 -1072 0
w 1712 -1072 1584 -1056 0
w 1712 -1040 1712 -1072 0
w 1664 -1008 1664 -1024 0
w 1584 -1008 1584 -1024 0
w 1568 -928 1568 -960 0
w 1680 -928 1568 -928 0
I 1680 -928 1680 -960 0 0.5 5
w 1648 -944 1648 -960 0
w 1600 -944 1648 -944 0
w 1600 -960 1600 -944 0
153 1664 -1040 1712 -1040 0 2 0 5
153 1584 -1040 1536 -1040 0 2 5 5
150 1664 -960 1664 -1008 0 2 0 5
150 1584 -960 1584 -1008 0 2 0 5
150 1584 -784 1584 -832 0 2 0 5
150 1664 -784 1664 -832 0 2 0 5
153 1584 -864 1536 -864 0 2 5 5
153 1664 -864 1712 -864 0 2 0 5
w 1600 -784 1600 -768 0
w 1600 -768 1648 -768 0
w 1648 -768 1648 -784 0
I 1680 -752 1680 -784 0 0.5 5
w 1680 -752 1568 -752 0
w 1568 -752 1568 -784 0
w 1584 -832 1584 -848 0
w 1664 -832 1664 -848 0
w 1712 -864 1712 -896 0
w 1712 -896 1584 -880 0
w 1536 -864 1536 -896 0
w 1536 -896 1664 -880 0
w 1536 -720 1664 -704 0
w 1536 -688 1536 -720 0
w 1712 -720 1584 -704 0
w 1712 -688 1712 -720 0
w 1664 -656 1664 -672 0
w 1584 -656 1584 -672 0
w 1568 -576 1568 -608 0
w 1680 -576 1568 -576 0
I 1680 -576 1680 -608 0 0.5 5
w 1648 -592 1648 -608 0
w 1600 -592 1648 -592 0
w 1600 -608 1600 -592 0
153 1664 -688 1712 -688 0 2 0 5
153 1584 -688 1536 -688 0 2 5 5
150 1664 -608 1664 -656 0 2 0 5
150 1584 -608 1584 -656 0 2 0 5
w 1520 -592 1600 -592 0
w 1520 -592 1520 -768 0
w 1520 -768 1600 -768 0
w 1520 -768 1520 -944 0
w 1520 -944 1600 -944 0
w 1520 -944 1520 -1104 0
w 1520 -1104 1600 -1104 0
w 1728 -592 1648 -592 0
w 1360 -544 1360 -1120 0
w 1344 -528 1344 -1296 0
w 1328 -512 1328 -1472 0
w 1312 -496 1312 -1632 0
w 1360 -544 1888 -544 0
w 1344 -528 1872 -528 0
w 1328 -512 1328 -176 0
w 1328 -512 1856 -512 0
w 1840 -496 1312 -496 0
w 1312 -496 1312 -336 0
w 1888 -544 1888 64 0
w 1872 -528 1872 -16 0
w 1856 -512 1856 -96 0
w 1840 -496 1840 -176 0
152 1776 -608 1728 -608 0 2 0 5
w 1728 -592 1728 -608 0
w 1792 -592 1776 -592 0
w 2080 32 2080 -240 0
w 1920 -576 1680 -576 0
w 1888 64 1920 64 0
w 1872 -16 1920 -16 0
w 1856 -96 1920 -96 0
w 1840 -176 1920 -176 0
w 2096 -48 2096 -256 0
w 1936 -752 1680 -752 0
w 2112 -128 2112 -272 0
w 1680 -928 1952 -928 0
w 1680 -1088 1968 -1088 0
w 2128 -288 2128 -192 0
w 2048 -176 2144 -176 0
w 2048 64 2192 64 0
w 2048 -96 2160 -96 0
w 2048 -16 2176 -16 0
w 1152 128 1296 128 0
w 1296 128 1296 -464 0
w 1712 -720 1712 -736 0
w 1712 -736 1296 -736 0
w 1712 -896 1712 -912 0
w 1712 -912 1280 -912 0
w 1280 -544 1280 112 0
w 1136 112 1280 112 0
w 1712 -1072 1488 -1088 0
w 1488 -1088 1264 -1088 0
w 1264 -688 1264 96 0
w 1120 96 1264 96 0
w 1104 80 1248 80 0
w 1248 80 1248 -832 0
w 1712 -1232 1712 -1248 0
w 1712 -1248 1248 -1248 0
w 1904 224 1936 224 0
w 1776 -624 1808 -624 0
b 1893 -215 2077 158 0
x 1917 143 2050 146 4 20 Add2\sIn\sSwitch
b 1517 -488 1717 205 0
x 1590 198 1636 201 4 20 Add1
b 1517 -1293 1717 -568 0
x 1597 -1263 1643 -1260 4 20 Add2
w 1168 704 1216 704 0
w 1216 704 1216 736 0
w 1184 688 1232 688 0
w 1232 688 1232 736 0
w 1200 672 1248 672 0
w 1248 672 1248 736 0
w 1216 656 1264 656 0
w 1264 656 1264 736 0
w 1168 384 1168 -848 0
w 1184 368 1184 -704 0
w 1200 352 1200 -560 0
w 1216 336 1216 -448 0
R 1008 -128 960 -144 1 2 100 2.5 2.5 0 0.4
w 928 -192 992 -192 0
w 1008 -208 1008 -128 0
w 1024 -112 928 -112 0
w 928 -112 928 -192 0
w 1024 -112 1024 -160 0
R 992 -192 960 -160 1 2 100 2.5 2.5 2.9670597283903604 0.4
150 1056 -176 1072 -176 0 2 0 5
w 1056 -160 1024 -160 0
w 1808 -624 1808 -560 0
w 1808 -560 1504 -560 0
w 1504 -384 1504 -560 0
w 1504 -384 1072 -384 0
150 896 -224 880 -224 0 2 0 5
153 960 -320 912 -320 0 2 5 5
153 1008 -320 1056 -320 0 2 0 5
w 912 -320 912 -352 0
w 912 -352 1008 -336 0
w 960 -336 1056 -352 0
w 1056 -352 1056 -320 0
150 960 -272 960 -304 0 2 0 5
150 1008 -272 1008 -304 0 2 0 5
w 992 -208 896 -208 0
w 992 -208 992 -256 0
w 992 -256 976 -256 0
w 976 -256 976 -272 0
w 992 -256 992 -272 0
w 1024 -240 944 -240 0
w 944 -240 944 -272 0
I 1024 -240 1024 -272 0 0.5 5
w 1008 -208 992 -208 0
w 944 -240 912 -240 0
w 1056 -320 1056 -192 0
w 912 -240 896 -240 0
w 912 -240 912 240 0
w 912 240 880 240 0
w 880 -224 880 -384 0
w 1072 -176 1072 -384 0
b 873 -390 1089 -97 0
x 886 -374 1067 -371 4 12 Clks(100Hz,1\s170*\soffset,duty\s40)
x 902 -360 1043 -357 4 12 Flipflop,\supdate\sequal\sfirst
w 880 -384 880 -416 0
w 880 -416 1232 -416 0
w 1232 -416 1232 -1408 0
150 1072 -464 1072 -480 0 2 0 5
154 1120 -496 1120 -512 0 2 0 5
w 1136 -496 1136 -464 0
w 1136 -464 1088 -464 0
w 1056 -448 1104 -448 0
w 1104 -448 1104 -496 0
w 1072 -480 1072 -528 0
w 1120 -512 992 -512 0
w 1072 -560 1040 -560 0
w 1056 -576 1104 -576 0
w 1056 -544 1056 -560 0
w 1136 -544 1088 -544 0
w 1136 -576 1136 -544 0
154 1120 -576 1120 -592 0 2 0 5
150 1072 -544 1072 -560 0 2 0 5
w 1056 -464 1056 -448 0
w 1104 -448 1152 -448 0
154 1120 -640 1120 -656 0 2 0 5
150 1072 -608 1072 -624 0 2 0 5
w 1024 -528 1024 -608 0
w 1024 -640 1104 -640 0
w 1024 -608 1024 -640 0
w 1056 -608 1024 -608 0
w 1072 -528 1024 -528 0
w 1120 -592 1088 -608 0
w 1120 -592 1136 -640 0
152 1056 -656 1056 -672 0 2 0 5
w 1072 -624 1072 -656 0
w 1040 -560 1040 -656 0
w 1120 -656 992 -656 0
w 1056 -672 1008 -672 0
w 1040 -816 1008 -816 0
w 1104 -800 992 -800 0
w 1024 -704 1024 -800 0
w 1056 -768 1056 -800 0
152 1040 -800 1040 -816 0 2 0 5
w 1104 -736 1120 -784 0
w 1104 -736 1072 -752 0
w 1040 -752 1008 -752 0
w 1008 -752 1008 -784 0
w 1008 -784 1088 -784 0
w 1008 -672 1008 -752 0
150 1056 -752 1056 -768 0 2 0 5
154 1104 -784 1104 -800 0 2 0 5
150 1056 -688 1056 -704 0 2 0 5
154 1104 -720 1104 -736 0 2 0 5
w 1120 -720 1120 -688 0
w 1120 -688 1072 -688 0
w 1040 -688 1040 -704 0
w 1040 -720 1088 -720 0
w 1056 -704 1024 -704 0
w 1136 -544 1152 -544 0
w 1056 -560 1056 -576 0
w 1056 -560 1152 -560 0
w 1136 -464 1152 -464 0
w 1120 -688 1152 -688 0
w 1040 -704 1040 -720 0
w 1040 -704 1152 -704 0
w 1040 -848 1152 -848 0
w 1040 -848 1040 -864 0
w 1120 -832 1152 -832 0
w 1056 -848 1024 -848 0
w 1040 -864 1088 -864 0
w 1040 -832 1040 -848 0
w 1120 -832 1072 -832 0
w 1120 -864 1120 -832 0
154 1104 -864 1104 -880 0 2 0 5
150 1056 -832 1056 -848 0 2 0 5
154 1104 -928 1104 -944 0 2 0 5
150 1056 -896 1056 -912 0 2 0 5
w 1008 -816 1008 -896 0
w 1008 -928 1088 -928 0
w 1008 -896 1008 -928 0
w 1040 -896 1008 -896 0
w 1104 -880 1072 -896 0
w 1104 -880 1120 -928 0
152 1040 -944 1040 -960 0 2 0 5
w 1056 -912 1056 -944 0
w 1024 -848 1024 -944 0
w 1104 -944 992 -944 0
w 1040 -960 992 -960 0
w 1296 -464 1296 -736 0
w 1296 -464 1152 -464 0
w 1216 -448 1152 -448 0
w 1280 -544 1152 -544 0
w 1280 -544 1280 -912 0
w 1200 -560 1152 -560 0
w 1264 -688 1152 -688 0
w 1264 -688 1264 -1088 0
w 1152 -832 1248 -832 0
w 1248 -832 1248 -1248 0
w 1184 -704 1152 -704 0
w 1168 -848 1152 -848 0
b 977 -973 1161 -424 0
x 995 -429 1143 -426 4 20 4\sbit\sripple\sadder
w 1920 -576 1920 -240 0
w 2080 -240 1920 -240 0
w 2096 -256 1936 -256 0
w 1936 -256 1936 -752 0
w 2112 -272 1952 -272 0
w 1952 -272 1952 -928 0
w 2128 -288 1968 -288 0
w 1968 -288 1968 -1088 0
w 2144 -176 2128 -1536 0
w 2160 -96 2144 -1584 0
w 2176 -16 2160 -1568 0
w 2192 64 2176 -1552 0
w 1232 -1408 1424 -1408 0
150 1408 -1424 1408 -1472 0 2 0 5
150 1488 -1424 1488 -1472 0 2 0 5
153 1408 -1504 1360 -1504 0 2 5 5
153 1488 -1504 1536 -1504 0 2 0 5
w 1424 -1424 1424 -1408 0
w 1424 -1408 1472 -1408 0
w 1472 -1408 1472 -1424 0
I 1504 -1392 1504 -1424 0 0.5 5
w 1392 -1392 1392 -1424 0
w 1408 -1472 1408 -1488 0
w 1488 -1472 1488 -1488 0
w 1536 -1504 1536 -1536 0
w 1536 -1536 1408 -1520 0
w 1360 -1504 1360 -1536 0
w 1360 -1536 1488 -1520 0
w 1504 -1392 1392 -1392 0
w 1696 -1392 1584 -1392 0
w 1552 -1536 1680 -1520 0
w 1552 -1504 1552 -1536 0
w 1728 -1536 1600 -1520 0
w 1728 -1504 1728 -1536 0
w 1680 -1472 1680 -1488 0
w 1600 -1472 1600 -1488 0
w 1584 -1392 1584 -1424 0
I 1696 -1392 1696 -1424 0 0.5 5
w 1664 -1408 1664 -1424 0
w 1616 -1408 1664 -1408 0
w 1616 -1424 1616 -1408 0
153 1680 -1504 1728 -1504 0 2 0 5
153 1600 -1504 1552 -1504 0 2 5 5
150 1680 -1424 1680 -1472 0 2 0 5
150 1600 -1424 1600 -1472 0 2 0 5
w 1472 -1408 1616 -1408 0
w 1664 -1408 1808 -1408 0
150 1792 -1424 1792 -1472 0 2 0 5
150 1872 -1424 1872 -1472 0 2 0 5
153 1792 -1504 1744 -1504 0 2 5 5
153 1872 -1504 1920 -1504 0 2 0 5
w 1808 -1424 1808 -1408 0
w 1808 -1408 1856 -1408 0
w 1856 -1408 1856 -1424 0
I 1888 -1392 1888 -1424 0 0.5 5
w 1776 -1392 1776 -1424 0
w 1792 -1472 1792 -1488 0
w 1872 -1472 1872 -1488 0
w 1920 -1504 1920 -1536 0
w 1920 -1536 1792 -1520 0
w 1744 -1504 1744 -1536 0
w 1744 -1536 1872 -1520 0
w 1888 -1392 1776 -1392 0
w 1856 -1408 2000 -1408 0
150 1984 -1424 1984 -1472 0 2 0 5
150 2064 -1424 2064 -1472 0 2 0 5
153 1984 -1504 1936 -1504 0 2 5 5
153 2064 -1504 2112 -1504 0 2 0 5
w 2000 -1424 2000 -1408 0
w 2000 -1408 2048 -1408 0
w 2048 -1408 2048 -1424 0
I 2080 -1392 2080 -1424 0 0.5 5
w 1968 -1392 1968 -1424 0
w 1984 -1472 1984 -1488 0
w 2064 -1472 2064 -1488 0
w 2112 -1504 2112 -1536 0
w 2112 -1536 1984 -1520 0
w 1936 -1504 1936 -1536 0
w 1936 -1536 2064 -1520 0
w 2080 -1392 1968 -1392 0
w 2192 -1376 992 -1376 0
w 992 -1376 992 -960 0
w 1968 -1360 960 -1360 0
w 960 -1360 960 -944 0
w 960 -944 992 -944 0
w 928 -800 992 -800 0
w 928 -800 928 -1344 0
w 928 -1344 1776 -1344 0
w 912 -656 992 -656 0
w 912 -656 912 -1328 0
w 912 -1328 1584 -1328 0
w 896 -512 992 -512 0
w 896 -512 896 -1312 0
w 896 -1312 1392 -1312 0
w 1392 -1312 1392 -1392 0
w 1584 -1328 1584 -1392 0
w 1776 -1344 1776 -1392 0
w 1968 -1360 1968 -1392 0
w 2192 -1376 2208 256 0
w 2208 256 976 256 0
w 1536 -1536 1536 -1552 0
w 1536 -1552 2176 -1552 0
w 1728 -1536 1728 -1568 0
w 1728 -1568 2160 -1568 0
w 1920 -1536 1920 -1584 0
w 1920 -1584 2144 -1584 0
w 2112 -1536 2128 -1536 0
w 1392 -1312 2208 -1312 0
w 2208 -1312 2224 320 0
w 1040 320 2224 320 0
w 1024 304 2240 304 0
w 1008 288 2256 288 0
w 992 272 2272 272 0
w 1584 -1328 2224 -1328 0
w 2224 -1328 2240 304 0
w 1776 -1344 2240 -1344 0
w 1968 -1360 2256 -1360 0
w 2240 -1344 2256 288 0
w 2272 272 2256 -1360 0
b 1344 -1568 2120 -1382 0
x 1420 -1539 1471 -1536 4 20 Equal
w -128 -416 -128 96 0
w -16 -416 -128 -416 0
w -16 -592 -144 -592 0
w -144 -592 -144 -944 0
x 1304 469 1645 472 4 24 4\sbit\saddition\scalcuator\swith\sload
x 1302 504 2125 507 4 24 Originally\sdone\sin\sthe\sgame\s"Minetest"\swith\sthe\smod\s"Mesecons",\soriginally\s3d
x 1303 542 1631 545 4 24 By\sthe\salias\sDoubleSpec,\s2019
b -208 -1808 2359 960 0
