$ 1 0.000005 0.04924642876754098 42 5 50
w 112 304 112 336 1
R 176 288 176 352 0 0 40 5 0 0 0.5
w 176 288 256 288 0
w 176 288 48 288 0
w 304 256 448 256 0
r 496 288 496 176 0 220
w 496 288 528 288 0
w 496 176 496 144 0
162 496 176 448 176 2 default-led 1 0 0 0.01
w 448 256 528 256 0
w 448 256 448 176 0
g 112 336 112 352 0
w 112 256 48 256 0
t 480 112 480 144 0 1 -1.7007341282754393 0.11937000204703102 100
s 480 112 400 112 0 1 false
w 400 288 496 288 0
w 400 288 400 240 0
r 400 240 400 192 0 1000
w 400 192 400 112 0
w 464 144 448 144 0
w 448 144 448 176 0
t 240 112 240 144 0 1 -4.158552801642067 0.1193700894086479 100
t 304 112 304 144 0 1 -0.6027069675760495 0.1193700893534976 100
r 352 240 352 192 0 10000
w 352 288 400 288 0
w 352 288 352 240 0
s 352 96 304 96 0 1 false
w 352 192 352 96 0
w 304 96 304 112 0
r 304 240 304 192 0 5100
w 304 240 304 256 0
w 304 256 112 256 0
w 288 144 304 192 0
r 176 240 176 192 0 10000
w 176 288 176 240 0
w 176 192 176 112 0
s 240 112 176 112 0 1 false
w 224 144 224 176 0
w 224 176 320 176 0
w 320 176 320 144 0
w 256 144 256 224 0
w 256 224 256 288 0
w 256 288 352 288 0
162 112 192 112 240 2 default-led 1 0 0 0.01
w 112 240 112 256 0
w 304 192 112 192 0
w 112 304 112 256 0
g 112 448 112 432 0
b 32 64 551 382 0
x 55 100 233 103 4 24 And\s\p\sNot\sGates
w 112 448 112 496 1
R 160 528 160 432 0 0 40 5 0 0 0.5
w 112 496 496 496 0
w 160 528 288 528 0
w 112 496 48 496 0
w 160 528 32 528 0
w 496 768 32 768 0
w 528 736 320 736 0
r 496 720 496 688 0 220
w 496 720 496 768 0
w 496 768 528 768 0
w 496 688 416 688 0
162 496 688 496 640 2 default-led 0 0 1 0.01
t 400 656 400 688 0 1 -1.1073055513946781 0.11937021130463077 100
t 336 656 336 688 0 1 -0.47405815392764683 0.11937021369551416 100
s 448 608 400 608 0 1 false
w 400 608 400 656 0
r 448 608 448 560 0 10000
w 384 688 352 688 0
s 336 608 288 608 0 1 false
w 336 656 336 608 0
r 288 608 288 560 0 10000
w 320 688 320 736 0
w 320 736 48 736 0
w 32 768 32 528 0
w 48 736 48 496 0
w 288 560 288 528 0
w 448 528 448 560 0
w 496 640 496 496 0
w 496 496 528 496 0
w 288 528 448 528 0
w 448 528 528 528 0
b 8 411 559 793 0
x 227 443 343 446 4 24 Nand\sGate
x -365 443 -268 446 4 24 Nor\sGate
w -144 528 -64 528 0
w -304 528 -144 528 0
w -144 528 -144 560 0
w -304 560 -304 528 0
w -544 736 -544 496 0
w -560 768 -560 528 0
w -272 736 -544 736 0
w -272 688 -272 720 0
r -304 608 -304 560 0 10000
w -256 656 -256 608 0
s -256 608 -304 608 0 1 false
r -144 608 -144 560 0 10000
w -192 608 -192 656 0
s -144 608 -192 608 0 1 false
t -256 656 -256 688 0 1 -1.7007340328246678 0.11937009743132203 100
t -192 656 -192 688 0 1 -1.700734268776992 0.11936986147899788 100
162 -96 688 -96 640 2 default-led 0 0 1 0.01
w -96 688 -176 688 0
w -96 768 -64 768 0
w -96 720 -96 768 0
r -96 720 -96 688 0 220
w -64 736 -272 736 0
w -96 768 -560 768 0
w -432 528 -560 528 0
w -480 496 -544 496 0
w -432 528 -304 528 0
w -480 496 -96 496 0
R -432 528 -432 432 0 0 40 5 0 0 0.5
w -480 448 -480 496 1
g -480 448 -480 432 0
w -96 640 -96 496 0
w -96 496 -64 496 0
w -208 688 -208 720 0
w -176 704 -240 704 0
w -176 704 -176 688 0
w -240 704 -240 688 0
b -583 410 -32 792 0
b -583 10 -32 392 0
w -240 304 -240 288 0
w -176 304 -176 288 0
w -176 304 -240 304 0
w -208 288 -208 320 0
g -480 48 -480 32 0
w -480 48 -480 96 1
R -432 128 -432 32 0 0 40 5 0 0 0.5
w -480 96 -96 96 0
w -432 128 -304 128 0
w -480 96 -544 96 0
w -432 128 -560 128 0
w -96 368 -560 368 0
w -64 336 -336 336 0
r -96 320 -96 288 0 220
w -96 320 -96 368 0
w -96 368 -64 368 0
w -96 288 -176 288 0
162 -272 320 -336 320 2 default-led 0 0 1 0.01
t -192 256 -192 288 0 1 -4.861533761517306 0.11937009216809935 100
t -256 256 -256 288 0 1 -4.861533761517305 0.1193700921680994 100
s -144 208 -192 208 0 1 false
w -192 208 -192 256 0
r -144 208 -144 160 0 10000
s -256 208 -304 208 0 1 false
w -256 256 -256 208 0
r -304 208 -304 160 0 10000
w -272 288 -272 320 0
w -336 336 -544 336 0
w -560 368 -560 128 0
w -544 336 -544 96 0
w -304 160 -304 128 0
w -144 128 -144 160 0
w -304 128 -144 128 0
w -144 128 -64 128 0
x -365 43 -280 46 4 24 Or\sGate
w -208 320 -272 320 0
w -336 336 -336 320 0
w 352 1104 352 1088 0
w 416 1104 416 1088 0
w 416 1104 352 1104 0
w 384 1088 384 1120 0
g 112 864 112 848 0
w 112 864 112 912 1
R 160 944 160 848 0 0 40 5 0 0 0.5
w 112 912 528 912 0
w 160 944 288 944 0
w 112 912 64 912 0
w 160 944 32 944 0
w 496 1184 32 1184 0
r 496 1136 496 1088 0 220
w 496 1136 496 1184 0
w 496 1184 528 1184 0
w 496 1088 416 1088 0
162 64 1008 64 960 2 default-led 0 0 1 0.01
t 400 1056 400 1088 0 1 -4.975911496552395 0.02348174419576116 100
t 336 1056 336 1088 0 1 -4.981667680411565 0.017725560336590264 100
s 448 992 448 944 0 1 false
w 400 1040 400 1056 0
r 448 1040 400 1040 0 10000
s 288 992 288 944 0 1 false
r 336 1040 288 1040 0 10000
w 320 1088 320 1120 0
w 528 1152 48 1152 0
w 32 1184 32 944 0
w 48 1152 48 912 0
w 288 944 448 944 0
w 448 944 528 944 0
x 227 859 412 862 4 24 Xor\sGate\sAttempt
w 384 1120 320 1120 0
w 64 1136 64 1008 0
w 64 960 64 912 0
w 64 912 48 912 0
t 240 1088 240 1120 0 1 0.017725558356278023 0.01177894065622223 100
w 320 1120 320 1136 0
w 272 1136 64 1136 0
w 320 1120 256 1120 0
w 176 1120 224 1120 0
t 160 1088 160 1120 0 1 0.017535124525285502 0.02408850133499103 100
w 240 1088 240 1040 0
w -208 720 -272 720 0
w -272 720 -272 736 0
w -96 96 -64 96 0
w 144 1120 112 1120 0
w 320 1136 272 1136 0
w 336 1056 336 1040 0
w 448 1008 448 992 0
w 288 1040 288 992 0
r 288 1040 240 1040 0 10000
r 448 1008 400 1008 0 10000
w 160 1088 160 1008 0
w 160 1008 400 1008 0
w 448 1008 448 1040 0
w 112 1120 112 912 0
b 9 820 560 1202 0
